Episode:1/1, avg speed:17.323237246602346 m/s
Episode:1/1, hundred miles ec:19.516666666666666 kwh/100km
Episode:1/1, avg jerk:0.7730903182017586 
