Episode:1/1, avg speed:11.09885226894869 m/s
Episode:1/1, hundred miles ec:651.1865833333333 kwh/100km
Episode:1/1, avg jerk:0.8517407190859082 
