Episode:1/1, avg speed:16.04970996699916 m/s
Episode:1/1, hundred miles ec:19.983333333333334 kwh/100km
Episode:1/1, avg jerk:0.3260569052309263 
Episode:1/1, avg halt num:nan
